分压值:10/28

4#
电源电压值（V）	AD采样值
4.0		1700
4.1		1744
4.2		1787
4.3		1834
4.4		1877
4.5		1922
4.6		1966
4.7		2009
4.8		2058
4.9		2103
5.0		2151
5.1		2195
5.2		2238
5.3		2282
5.4		2328
5.5		2372
5.6		2415
5.7		2460
5.8		2505
5.9		2549
6.0		2594

2#
电源电压值（V）	AD采样值
4.0		1714
4.1		1756		
4.2		1806
4.3		1854
4.4		1896
4.5		1942
4.6		1984
4.7		2028
4.8		2076
4.9		2120
5.0		2168
5.1		2212
5.2		2256
5.3		2300
5.4		2344
5.5		2386
5.6		2430
5.7		2476
5.8		2522
5.9		2566
6.0		2612


	//4.0	4.1		4.2		4.3		4.4
	1707,	1756,	1791,	1845,	1888,

	//4.5	4.6		4.7		4.8		4.9
	1933,	1977,	2020,	2070,	2115,
	
	//5.0	5.1		5.2		5.3		5.4
	2162,	2206,	2250,	2293,	2339,
	
	//5.5	5.6		5.7		5.8		5.9
	2372,	2416,	2462,	2507,	2551,

    //6.0
    2596